001113113001,01,16125.6132608,Alabama
001113113002,02,26573.5162163,Alabama
001113113003,03,20010.4508458,Alabama
001113113004,04,23593.5564065,Alabama
001113113005,05,9990.58444946,Alabama
001113113006,06,10980.1513223,Alabama
001113113007,07,26632.0161536,Alabama
002113113000,00,1523336.37917,Alaska
004113113001,01,142909.686564,Arizona
004113113002,02,20439.4740204,Arizona
004113113003,03,40638.3480981,Arizona
004113113004,04,86520.2758072,Arizona
004113113005,05,762.32869391,Arizona
004113113006,06,1629.23882643,Arizona
004113113007,07,532.253903641,Arizona
004113113008,08,1401.65346288,Arizona
004113113009,09,430.425636603,Arizona
005113113001,01,51267.84325,Arkansas
005113113002,02,13198.1140138,Arkansas
005113113003,03,14358.4573835,Arkansas
005113113004,04,58906.3009316,Arkansas
006113113001,01,74699.2914571,California
006113113002,02,33868.7407447,California
006113113003,03,16469.4425942,California
006113113004,04,34105.6572827,California
006113113005,05,4662.60568382,California
006113113006,06,464.62614584,California
006113113007,07,1434.64202362,California
006113113008,08,85585.9367607,California
006113113009,09,3379.87453386,California
006113113010,10,4769.40005672,California
006113113011,11,1312.67433541,California
006113113012,12,105.436535,California
006113113013,13,268.593292821,California
006113113014,14,707.340684235,California
006113113015,15,1564.62889403,California
006113113016,16,7472.63834272,California
006113113017,17,501.869947793,California
006113113018,18,1817.08887387,California
006113113019,19,2387.5549197,California
006113113020,20,12717.8370777,California
006113113021,21,17466.0199371,California
006113113022,22,3027.58631224,California
006113113023,23,25734.9973138,California
006113113024,24,17936.9284999,California
006113113025,25,4410.02732033,California
006113113026,26,2463.14442268,California
006113113027,27,1820.2133176,California
006113113028,28,568.648991518,California
006113113029,29,239.863264172,California
006113113030,30,357.209600383,California
006113113031,31,571.868599199,California
006113113032,32,327.057659949,California
006113113033,33,750.866207539,California
006113113034,34,124.246033499,California
006113113035,35,437.962572441,California
006113113036,36,15509.5572447,California
006113113037,37,143.49051736,California
006113113038,38,266.472296987,California
006113113039,39,532.23610881,California
006113113040,40,151.145828754,California
006113113041,41,824.054852558,California
006113113042,42,2469.07687148,California
006113113043,43,187.025019878,California
006113113044,44,223.019137326,California
006113113045,45,860.99056286,California
006113113046,46,188.244104133,California
006113113047,47,584.457558383,California
006113113048,48,387.113668133,California
006113113049,49,1442.86336216,California
006113113050,50,7264.89309343,California
006113113051,51,13228.7999994,California
006113113052,52,740.773461979,California
006113113053,53,357.302624396,California
008113113001,01,498.617118067,Colorado
008113113002,02,19751.9045762,Colorado
008113113003,03,129190.097619,Colorado
008113113004,04,99116.7706666,Colorado
008113113005,05,18880.2473685,Colorado
008113113006,06,1250.42287077,Colorado
008113113007,07,910.754250572,Colorado
009113113001,01,1800.88767239,Connecticut
009113113002,02,5307.14082554,Connecticut
009113113003,03,1255.43273709,Connecticut
009113113004,04,1236.23474476,Connecticut
009113113005,05,3319.77452855,Connecticut
010113113000,00,5245.11381805,Delaware
011113113098,98,176.991939822,District Of Columbia
012113113001,01,11473.0844587,Florida
012113113002,02,23247.1949399,Florida
012113113003,03,19319.4182779,Florida
012113113004,04,5123.1576564,Florida
012113113005,05,3977.54302408,Florida
012113113006,06,7304.81488947,Florida
012113113007,07,1497.10073104,Florida
012113113008,08,5369.52783967,Florida
012113113009,09,4942.71111539,Florida
012113113010,10,3624.19818902,Florida
012113113011,11,6999.34284349,Florida
012113113012,12,2403.46309324,Florida
012113113013,13,585.062526921,Florida
012113113014,14,766.009562276,Florida
012113113015,15,2265.856656,Florida
012113113016,16,2531.76204411,Florida
012113113017,17,18074.2018891,Florida
012113113018,18,4396.63077396,Florida
012113113019,19,2302.13972416,Florida
012113113020,20,6985.66612959,Florida
012113113021,21,684.706437968,Florida
012113113022,22,479.654100325,Florida
012113113023,23,481.57832856,Florida
012113113024,24,311.637964256,Florida
012113113025,25,8526.92322518,Florida
012113113026,26,6099.74198432,Florida
012113113027,27,616.880268669,Florida
013113113001,01,21824.3942642,Georgia
013113113002,02,25378.6114921,Georgia
013113113003,03,10152.7908441,Georgia
013113113004,04,1309.23132719,Georgia
013113113005,05,691.185472943,Georgia
013113113006,06,787.809571641,Georgia
013113113007,07,1042.73377103,Georgia
013113113008,08,22929.6536014,Georgia
013113113009,09,13909.4362671,Georgia
013113113010,10,18845.7404492,Georgia
013113113011,11,2843.99411298,Georgia
013113113012,12,21578.7331557,Georgia
013113113013,13,1875.77342933,Georgia
013113113014,14,9435.86177635,Georgia
015113113001,01,549.044277039,Hawaii
015113113002,02,16164.722264,Hawaii
016113113001,01,103408.996619,Idaho
016113113002,02,113032.057368,Idaho
017113113001,01,671.212320497,Illinois
017113113002,02,2822.04693576,Illinois
017113113003,03,626.942293915,Illinois
017113113004,04,136.66290276,Illinois
017113113005,05,249.375566711,Illinois
017113113006,06,1008.52061034,Illinois
017113113007,07,160.961104302,Illinois
017113113008,08,543.257588048,Illinois
017113113009,09,272.821050002,Illinois
017113113010,10,805.88589441,Illinois
017113113011,11,741.789940371,Illinois
017113113012,12,13432.2076543,Illinois
017113113013,13,15220.1656972,Illinois
017113113014,14,4201.0532992,Illinois
017113113015,15,38418.8436041,Illinois
017113113016,16,20686.8416303,Illinois
017113113017,17,18294.3523217,Illinois
017113113018,18,27619.4715403,Illinois
018113113001,01,3020.5491514,Indiana
018113113002,02,10383.7554956,Indiana
018113113003,03,10962.455896,Indiana
018113113004,04,16521.6212744,Indiana
018113113005,05,5026.17618357,Indiana
018113113006,06,16181.5677775,Indiana
018113113007,07,791.907116545,Indiana
018113113008,08,19067.8877743,Indiana
018113113009,09,11765.4272253,Indiana
019113113001,01,31433.9420509,Iowa
019113113002,02,32189.4337619,Iowa
019113113003,03,22918.7136451,Iowa
019113113004,04,59199.5891422,Iowa
020113113001,01,136676.584573,Kansas
020113113002,02,37159.2043811,Kansas
020113113003,03,1993.06496508,Kansas
020113113004,04,37266.3453428,Kansas
021113113001,01,32512.3858779,Kentucky
021113113002,02,18995.3514079,Kentucky
021113113003,03,870.331955559,Kentucky
021113113004,04,11634.5309849,Kentucky
021113113005,05,29410.4041036,Kentucky
021113113006,06,11238.6171409,Kentucky
022113113001,01,15296.7331091,Louisiana
022113113002,02,3807.24225312,Louisiana
022113113003,03,20196.6320678,Louisiana
022113113004,04,33313.6313838,Louisiana
022113113005,05,38547.6618314,Louisiana
022113113006,06,11362.7670182,Louisiana
023113113001,01,9399.74125011,Maine
023113113002,02,75670.7134484,Maine
024113113001,01,11475.0310878,Maryland
024113113002,02,1052.30565902,Maryland
024113113003,03,836.43120979,Maryland
024113113004,04,819.624925931,Maryland
024113113005,05,4187.64187389,Maryland
024113113006,06,5158.29827982,Maryland
024113113007,07,1278.867108,Maryland
024113113008,08,2252.16744327,Maryland
025113113001,01,6216.11692971,Massachusetts
025113113002,02,4438.15428331,Massachusetts
025113113003,03,2038.878537,Massachusetts
025113113004,04,1817.353039,Massachusetts
025113113005,05,722.821237021,Massachusetts
025113113006,06,1467.54054448,Massachusetts
025113113007,07,181.830738673,Massachusetts
025113113008,08,910.950207148,Massachusetts
025113113009,09,3518.36798308,Massachusetts
026113113001,01,67516.8543351,Michigan
026113113002,02,8856.04093844,Michigan
026113113003,03,6988.45191528,Michigan
026113113004,04,22427.5256507,Michigan
026113113005,05,6221.87205777,Michigan
026113113006,06,9452.37928295,Michigan
026113113007,07,11181.6844971,Michigan
026113113008,08,3992.90629007,Michigan
026113113009,09,480.106122749,Michigan
026113113010,10,10925.5775092,Michigan
026113113011,11,1141.46075185,Michigan
026113113012,12,1094.77026837,Michigan
026113113013,13,484.563784786,Michigan
026113113014,14,500.838635594,Michigan
027113113001,01,31556.8053552,Minnesota
027113113002,02,6558.33255405,Minnesota
027113113003,03,1510.1256586,Minnesota
027113113004,04,945.697642103,Minnesota
027113113005,05,367.970162906,Minnesota
027113113006,06,7868.98174447,Minnesota
027113113007,07,91628.0097458,Minnesota
027113113008,08,78133.8123438,Minnesota
028113113001,01,27792.6313787,Mississippi
028113113002,02,41243.1624825,Mississippi
028113113003,03,33375.9260652,Mississippi
028113113004,04,21110.196894,Mississippi
029113113001,01,611.169121527,Missouri
029113113002,02,1244.65866291,Missouri
029113113003,03,18112.2958709,Missouri
029113113004,04,38057.4403514,Missouri
029113113005,05,6370.70251838,Missouri
029113113006,06,47663.1448557,Missouri
029113113007,07,16495.5166986,Missouri
029113113008,08,51990.9137693,Missouri
030113113000,00,380826.051023,Montana
031113113001,01,23247.5498812,Nebraska
031113113002,02,1364.53167413,Nebraska
031113113003,03,175722.966607,Nebraska
032113113001,01,270.678469662,Nevada
032113113002,02,145915.927218,Nevada
032113113003,03,7475.72358875,Nevada
032113113004,04,132687.883955,Nevada
033113113001,01,6828.80033048,New Hampshire
033113113002,02,17212.3550419,New Hampshire
034113113001,01,957.821956707,New Jersey
034113113002,02,5917.03094641,New Jersey
034113113003,03,2540.18363708,New Jersey
034113113004,04,1835.96098211,New Jersey
034113113005,05,2651.05752404,New Jersey
034113113006,06,589.630408145,New Jersey
034113113007,07,2560.37413578,New Jersey
034113113008,08,167.543040039,New Jersey
034113113009,09,266.372798538,New Jersey
034113113010,10,208.567085603,New Jersey
034113113011,11,1376.67757695,New Jersey
034113113012,12,1086.22212341,New Jersey
035113113001,01,11932.2556034,New Mexico
035113113002,02,186221.993493,New Mexico
035113113003,03,116763.20992,New Mexico
036113113001,01,2189.19628364,New York
036113113002,02,620.612426467,New York
036113113003,03,725.597998267,New York
036113113004,04,339.659646829,New York
036113113005,05,164.853469891,New York
036113113006,06,77.7915350729,New York
036113113007,07,44.3850576205,New York
036113113008,08,106.717451504,New York
036113113009,09,40.8035163421,New York
036113113010,10,49.9477027498,New York
036113113011,11,173.361123384,New York
036113113012,12,45.4584071505,New York
036113113013,13,33.5776266585,New York
036113113014,14,91.3833580625,New York
036113113015,15,44.0241677399,New York
036113113016,16,221.963305164,New York
036113113017,17,1141.05186491,New York
036113113018,18,3667.80909967,New York
036113113019,19,20988.5906127,New York
036113113020,20,3270.75287373,New York
036113113021,21,41176.995933,New York
036113113022,22,13496.7802937,New York
036113113023,23,19616.7565995,New York
036113113024,24,6411.51980729,New York
036113113025,25,1343.7187388,New York
036113113026,26,600.750127821,New York
036113113027,27,10396.0639994,New York
037113113001,01,14493.8503444,North Carolina
037113113002,02,8537.91035982,North Carolina
037113113003,03,21998.2612772,North Carolina
037113113004,04,2764.03598797,North Carolina
037113113005,05,9314.46842925,North Carolina
037113113006,06,9663.77385319,North Carolina
037113113007,07,16267.9588426,North Carolina
037113113008,08,11855.1544111,North Carolina
037113113009,09,2335.72127533,North Carolina
037113113010,10,6770.94265588,North Carolina
037113113011,11,17900.7085061,North Carolina
037113113012,12,1442.45471476,North Carolina
037113113013,13,5993.30647359,North Carolina
038113113000,00,183108.704883,North Dakota
039113113001,01,1805.78755256,Ohio
039113113002,02,8419.4915744,Ohio
039113113003,03,601.465732394,Ohio
039113113004,04,12204.4408459,Ohio
039113113005,05,14644.0118679,Ohio
039113113006,06,18887.8148786,Ohio
039113113007,07,10074.4078212,Ohio
039113113008,08,6388.17604193,Ohio
039113113009,09,1403.34466174,Ohio
039113113010,10,2941.03006096,Ohio
039113113011,11,635.798747552,Ohio
039113113012,12,5961.49349907,Ohio
039113113013,13,2386.81537658,Ohio
039113113014,14,5152.61227331,Ohio
039113113015,15,12373.922493,Ohio
039113113016,16,3152.87247735,Ohio
040113113001,01,4369.02713279,Oklahoma
040113113002,02,56328.7413862,Oklahoma
040113113003,03,89176.9428318,Oklahoma
040113113004,04,25729.1443677,Oklahoma
040113113005,05,5430.48917131,Oklahoma
041113113001,01,7969.91764863,Oregon
041113113002,02,181762.456737,Oregon
041113113003,03,2865.54082216,Oregon
041113113004,04,45147.8228119,Oregon
041113113005,05,13588.3156371,Oregon
042113113001,01,233.340483297,Pennsylvania
042113113002,02,195.495995114,Pennsylvania
042113113003,03,10151.4521318,Pennsylvania
042113113004,04,3971.83191544,Pennsylvania
042113113005,05,27954.6861961,Pennsylvania
042113113006,06,2258.10112392,Pennsylvania
042113113007,07,2257.02217634,Pennsylvania
042113113008,08,1880.81937139,Pennsylvania
042113113009,09,14934.9705778,Pennsylvania
042113113010,10,21997.7590874,Pennsylvania
042113113011,11,8886.87020164,Pennsylvania
042113113012,12,5661.415259,Pennsylvania
042113113013,13,404.522884813,Pennsylvania
042113113014,14,568.867021492,Pennsylvania
042113113015,15,3362.27456268,Pennsylvania
042113113016,16,2688.90639039,Pennsylvania
042113113017,17,4548.17864442,Pennsylvania
042113113018,18,5385.97009879,Pennsylvania
044113113001,01,761.842236047,Rhode Island
044113113002,02,2103.69908567,Rhode Island
045113113001,01,4687.41033816,South Carolina
045113113002,02,8053.69617844,South Carolina
045113113003,03,14163.9110856,South Carolina
045113113004,04,3409.60977371,South Carolina
045113113005,05,14525.247001,South Carolina
045113113006,06,21675.5275097,South Carolina
045113113007,07,14126.8449298,South Carolina
046113113000,00,199728.058427,South Dakota
047113113001,01,10937.4347043,Tennessee
047113113002,02,6292.0286831,Tennessee
047113113003,03,12212.2991836,Tennessee
047113113004,04,15741.4057998,Tennessee
047113113005,05,3306.35386936,Tennessee
047113113006,06,17093.934844,Tennessee
047113113007,07,24141.2273898,Tennessee
047113113008,08,18124.2178658,Tennessee
047113113009,09,1306.47361649,Tennessee
048113113001,01,21331.8797381,Texas
048113113002,02,854.814905207,Texas
048113113003,03,1343.2945762,Texas
048113113004,04,27249.7224836,Texas
048113113005,05,13558.3490007,Texas
048113113006,06,5820.38141633,Texas
048113113007,07,422.549770526,Texas
048113113008,08,16093.097521,Texas
048113113009,09,434.329584633,Texas
048113113010,10,13320.0988252,Texas
048113113011,11,72660.5589729,Texas
048113113012,12,3818.68280047,Texas
048113113013,13,100092.177602,Texas
048113113014,14,7026.06427464,Texas
048113113015,15,20371.9063668,Texas
048113113016,16,1844.31854745,Texas
048113113017,17,20125.8590135,Texas
048113113018,18,613.773057215,Texas
048113113019,19,67194.0818628,Texas
048113113020,20,518.782733535,Texas
048113113021,21,15427.6139828,Texas
048113113022,22,2737.65355167,Texas
048113113023,23,150822.63228,Texas
048113113024,24,703.895914923,Texas
048113113025,25,20057.4885754,Texas
048113113026,26,2541.39943606,Texas
048113113027,27,24425.0268038,Texas
048113113028,28,24587.9658485,Texas
048113113029,29,494.958392406,Texas
048113113030,30,955.912504058,Texas
048113113031,31,5716.72685161,Texas
048113113032,32,516.289719619,Texas
048113113033,33,565.680116258,Texas
048113113034,34,21589.7111024,Texas
048113113035,35,1557.72146405,Texas
048113113036,36,19093.3097382,Texas
049113113001,01,53880.3416859,Utah
049113113002,02,106581.554534,Utah
049113113003,03,52437.3649787,Utah
049113113004,04,6979.81834118,Utah
050113113000,00,24900.6478759,Vermont
051113113001,01,10198.938694,Virginia
051113113002,02,3512.89093199,Virginia
051113113003,03,2612.85666402,Virginia
051113113004,04,11341.1222833,Virginia
051113113005,05,26368.5043505,Virginia
051113113006,06,15464.320717,Virginia
051113113007,07,7362.01983841,Virginia
051113113008,08,409.256854697,Virginia
051113113009,09,23758.4375923,Virginia
051113113010,10,3589.51574796,Virginia
051113113011,11,490.17270395,Virginia
053113113001,01,16322.1909474,Washington
053113113002,02,2808.14341813,Washington
053113113003,03,24116.7001895,Washington
053113113004,04,50670.973667,Washington
053113113005,05,40670.4321556,Washington
053113113006,06,18431.0951979,Washington
053113113007,07,416.711802321,Washington
053113113008,08,19427.8280691,Washington
053113113009,09,531.828186637,Washington
053113113010,10,2273.13200658,Washington
054113113001,01,16427.3839047,West Virginia
054113113002,02,20890.6440241,West Virginia
054113113003,03,25432.9963534,West Virginia
055113113001,01,4599.04281461,Wisconsin
055113113002,02,11939.0556655,Wisconsin
055113113003,03,29608.6932424,Wisconsin
055113113004,04,333.86269888,Wisconsin
055113113005,05,5062.81516345,Wisconsin
055113113006,06,13493.9178553,Wisconsin
055113113007,07,62148.6851222,Wisconsin
055113113008,08,18214.7479016,Wisconsin
056113113000,00,253335.855726,Wyoming
